ASTR
23 07 10.08  58 33 15.1  J2000.0 2000.0 
23 06 59.9138  58 26 53.406 0.00000 0.00000  2000.0
564.76 23.28
23 06 32.1744  58 38 54.447 0.00000 0.00000  2000.0
909.51 705.29
23 07 38.6811  58 37 18.426 0.00000 0.00000  2000.0
372.69 702.35
23 06 32.8549  58 38 09.702 0.00000 0.00000  2000.0
896.45 661.67
23 07 22.3181  58 36 10.409 0.00000 0.00000  2000.0
489.10 611.23
23 07 11.0782  58 36 21.667 0.00000 0.00000  2000.0
578.76 606.71
23 06 56.6464  58 36 26.505 0.00000 0.00000  2000.0
692.34 591.46
23 07 58.1763  58 34 24.074 0.00000 0.00000  2000.0
189.81 555.67
23 08 03.8965  58 33 11.715 0.00000 0.00000  2000.0
132.16 491.53
23 07 51.2186  58 32 35.724 0.00000 0.00000  2000.0
224.58 437.69
23 07 10.0756  58 33 15.068 0.00000 0.00000  2000.0
553.40 418.84
23 06 15.3577  58 34 26.975 0.00000 0.00000  2000.0
993.89 414.84
23 07 43.9285  58 32 00.715 0.00000 0.00000  2000.0
275.34 392.20
23 06 37.6439  58 31 31.752 0.00000 0.00000  2000.0
788.63 270.60
23 06 01.5667  58 30 13.799 0.00000 0.00000  2000.0
1057.42 142.89
23 06 26.5203  58 28 37.285 0.00000 0.00000  2000.0
844.89 80.69
23 07 20.6416  58 27 06.632 0.00000 0.00000  2000.0
404.62 65.64
END
