obj lit_period max_modes max_period max_chi n1 n2 bimodal_period bimodal_errs bimodal_chi
ak_cep 7.23268 2 7.318077883736535 46.66181112079381 2 5 7.348699638357691 [0.036229999998628415, 0.03815189356174287] 49.64357696680061 
cd_cas 7.80089 1 7.74818441387202 31.918656498674423 2 3 7.819443969403032 [0.04917894025003111, 0.030809999998833604] 24.68681156594483 
cf_cas 4.87522 1 4.913920646781493 3.2092536774427467 2 5 4.913153998793606 [0.0398096853925658, 0.006605664549340418] 0.7294540922105399 
cg_cas 4.36554 2 4.289746069996564 3.295426136632399 2 5 4.384562776549102 [0.010549999999600601, 0.010029999999620287] 3.498324237192719 
ch_cas 15.08619 3 15.090127339102006 7.6130428414103815 2 3 15.092613187929816 [0.0009827799854136288, 0.07385974138270512] 13.573698381885716 
cp_cep 17.859 2 17.483724203163778 1.9500027198066872 2 5 18.15183019549194 [0.0716499999972875, 0.5333670228521541] 11.540851544363203 
cy_cas 14.37686 2 14.242914068021669 8.597299388485592 2 4 14.242914068021669 [0.22579238124244405, 0.048379999998168444] 8.462747443788242 
cz_cas 5.66438 1 5.6771195883853744 1.8302064613845506 2 5 5.658000360101168 [0.023629999999105422, 0.02248999999914858] 0.9743146510798423 
dd_cas 9.812027 4 9.812909824481084 1.4190933812398663 2 5 9.813065705459104 [7.330816148964914e-05, 6.169923599941285e-05] 1.6664759659770634 
kk_cas 8.19165 2 8.196835615304547 2.7286154385933368 2 4 8.196835615304547 [0.06098853884554245, 0.07086409417111916] 2.565464736904261 
kx_cyg 20.0467 1 19.965886952671966 8.93755918284009 2 3 20.06471753362588 [0.5883079115566717, 0.5883079115566717] 0.3678829773059243 
rw_cas 14.7949 3 15.07090785893407 8.55616992272819 2 4 15.09893776344807 [0.17161100483037847, 0.17161100483037847] 10.013515386733067 
ry_cas 12.13726 1 12.133095060160459 16.62980169056688 2 5 12.421253251964524 [0.2727101034145285, 0.0212267024238173] 8.559239691890685 
sw_cas 5.44095 4 5.4375968308167515 3.1527002148913 2 4 5.438487595653844 [0.001939999999926556, 0.001959999999925799] 3.7241610644866725 
sz_cas 13.63289 4 13.619888676970856 3.2890019663520196 2 5 13.625287858802688 [0.03126999999881619, 0.027509999998958534] 3.080603495036891 
v1467_cyg 48.6 2 43.882129559378555 5.672691986938893 2 4 43.882129559378555 [0.7053200002238782, 2.295949564542596] 5.672691986938893 
v342_cas 3.91989 2 3.9437035262036217 5.703125538133834 2 5 3.926727392605137 [0.0070400000000461205, 0.036249941462922486] 5.617661131622843 
v396_cyg 33.247 3 33.25645352687887 4.897860163692788 2 3 33.264909416015314 [0.005758734840121688, 0.005758734840121688] 5.6882130393915356 
v407_cas 4.5845526 2 4.576983097354307 1.917472836042169 2 4 4.576983097354307 [0.011889999999549872, 0.013449999999490814] 1.8918658008544669 
v532_cyg 3.283612 2 3.2946668028932358 1.6644263297702149 2 5 3.2881867503010573 [0.009940000000065119, 0.009940000000065119] 1.0514446456064666 
v538_cyg 6.118961 2 6.154806184084035 1.0157211027126622 2 3 6.2517879863432 [0.01745881136690297, 0.115385775221438] 1.1613289687438229 
v609_cyg 31.072 1 31.454566642338428 149.96047569292736 2 3 25.893333333333352 [3.39822367431368, 2.1011916951165404] 5.0776267396989985 
v621_cyg 5.864 2 5.819965373689475 3.408348597953914 2 4 5.819965373689475 [0.020045635472987655, 0.03112478998870838] 2.9063479369332432 
vx_cyg 20.133407 2 19.963400633693524 3.940661788455993 2 4 19.963400633693524 [0.25028522489902844, 0.25028522489902844] 1.4387485985872053 
