10.878929309471165 0.09491859551947977 7.348699626175823 0.045952032303207935
10.789631797826237 0.07484205618312638 7.718400003780112 0.08526210878087474
10.934337750389671 0.07823883568238708 4.913152815915079 0.023529234251014827
11.366383183136445 0.061932797271147 4.38456277612145 0.0035213736677852225
10.765010358933568 0.07659310367007463 15.08962246378655 0.027090967280134465
10.787201491910405 0.08989421622709652 18.151830199254444 0.27831012768879915
11.640096624328521 0.1168017406268604 13.796509932964666 0.49853770959601834
11.776036450073127 0.09018480667755935 5.658000360100749 0.03311780383502532
10.302404590729983 0.03403867174570505 9.81306570645397 0.00019013567583492366
11.909158788183332 0.06820595184019224 8.204804339096933 0.049635993622682215
11.940987766376812 0.1073166431873772 19.14812285290377 0.5216139430538977
9.264697797045285 0.10391913136565324 14.760288459812367 0.29176194324242405
10.08451667255043 0.062368132600428505 12.421253152373646 0.19863801133375847
9.572516984677613 0.05229273058747609 5.443429148895231 0.0012231800913049555
9.822474899130922 0.026301325443812973 13.625287854783249 0.0027546753113505463
13.64912506024974 0.0983116278511541 45.726703650778326 2.1777522237125164
11.995786057201101 0.045498729408840324 3.9267273846246415 0.024309954965282383
11.815057331057071 0.07066292785588663 33.25240644159078 0.004769130569409359
12.050558031098374 0.04385763257340477 4.605343657605286 0.03799893933992722
9.21522452518365 0.039988713471540295 3.2881867516479497 0.003133074985210938
10.61119834231668 0.05716868485321632 6.199386040195214 0.0724588964070938
11.24237191348041 0.154855096728971 29.316077884603715 2.2731700894478784
11.612878553799497 0.09991055785692016 6.107161039484189 0.12363404151481988
10.067910686709805 0.13137468578947833 20.58634363223334 0.6087198197095137
