12.170000000000002 0.09491859551947977 7.330466887820616 0.0440882127654161
10.760142667368628 0.07484205618312638 7.9282413659325 0.11386596171069617
10.918556446059458 0.07823883568238708 4.891087943707694 0.02334688279956097
11.365936022425892 0.061932797271147 4.385063440424122 0.0034572522643506686
10.766043764455194 0.07659310367007463 15.0872852606867 0.0014111442280567914
10.790624817160712 0.08989421622709652 17.51075349454248 0.2782533529950005
11.583425084906454 0.1168017406268604 13.791583844754605 0.41622646348818965
11.776036416853737 0.09018480667755935 5.658000360100749 0.03311780383502532
10.309362247269693 0.03403867174570505 9.81242333033485 0.00017527896374502748
11.904561430991555 0.06820595184019224 8.230552662498434 0.051288715351807304
11.893754769872935 0.1073166431873772 19.778968775143735 0.4165340719211661
9.251718278855575 0.10391913136565324 14.825663608781705 0.296908362724678
10.092071529152088 0.062368132600428505 12.345867759101063 0.07710712092457007
9.563288552449393 0.05229273058747609 5.446421207422429 0.0016537969077156313
9.827438863326094 0.026301325443812973 13.633010050114093 0.003812024924132843
12.519999999999998 0.0983116278511541 45.07188015770162 2.275384494771452
11.942999999999998 0.045498729408840324 3.9045001040681817 0.020434436345817347
11.820473578955713 0.07066292785588663 33.250117257264456 0.005394146199404321
10.109999999999998 0.04385763257340477 4.598452599060562 0.03249360287206269
9.500000000000002 0.039988713471540295 3.288972842549267 0.0037166058353143893
10.605693596942052 0.05716868485321632 6.257333770410629 0.05251352626517654
11.002060297198597 0.154855096728971 36.76114876956446 3.521556148495795
11.620658931199253 0.09991055785692016 6.095732941662408 0.1167906411522319
10.070780944408359 0.13137468578947833 20.212576192118362 0.32466498186172565
