ASTR
23 07 11.08  58 34 18.6  J2000.0 2000.0 
23 07 02.4611  58 27 34.749 0.00000 0.00000  2000.0
632.71 20.18
23 06 11.3658  58 39 22.567 0.00000 0.00000  2000.0
1059.46 804.04
23 07 28.2518  58 39 17.429 0.00000 0.00000  2000.0
401.19 788.73
23 07 01.3579  58 39 10.691 0.00000 0.00000  2000.0
631.13 784.45
23 06 45.4567  58 39 05.521 0.00000 0.00000  2000.0
768.04 780.61
23 06 32.1744  58 38 54.447 0.00000 0.00000  2000.0
881.75 770.24
23 07 08.7593  58 38 41.798 0.00000 0.00000  2000.0
568.54 751.96
23 06 22.0240  58 38 34.264 0.00000 0.00000  2000.0
968.86 749.41
23 06 32.8549  58 38 09.702 0.00000 0.00000  2000.0
876.70 721.05
23 07 33.6220  58 38 01.468 0.00000 0.00000  2000.0
356.18 704.81
23 08 03.2160  58 37 48.395 0.00000 0.00000  2000.0
103.01 687.82
23 07 09.0730  58 37 39.149 0.00000 0.00000  2000.0
566.88 682.99
23 06 44.9582  58 37 26.631 0.00000 0.00000  2000.0
773.77 672.08
23 07 38.6811  58 37 18.428 0.00000 0.00000  2000.0
312.32 657.14
23 06 26.1599  58 37 13.315 0.00000 0.00000  2000.0
934.86 660.25
23 07 17.5058  58 37 19.102 0.00000 0.00000  2000.0
495.13 660.20
23 07 23.6111  58 37 15.175 0.00000 0.00000  2000.0
442.74 655.03
23 07 46.2642  58 37 16.627 0.00000 0.00000  2000.0
248.48 654.44
23 08 07.0224  58 37 14.870 0.00000 0.00000  2000.0
70.61 650.60
23 07 29.9375  58 37 07.578 0.00000 0.00000  2000.0
388.52 646.13
23 07 06.0784  58 36 30.906 0.00000 0.00000  2000.0
593.78 608.36
23 06 56.6464  58 36 26.505 0.00000 0.00000  2000.0
674.47 604.63
23 06 45.3486  58 36 25.474 0.00000 0.00000  2000.0
771.50 604.90
23 07 11.0782  58 36 21.667 0.00000 0.00000  2000.0
550.83 597.63
23 07 33.4587  58 36 23.607 0.00000 0.00000  2000.0
358.93 597.29
23 08 11.9845  58 36 26.003 0.00000 0.00000  2000.0
28.58 596.63
23 07 28.6944  58 36 15.049 0.00000 0.00000  2000.0
400.03 588.49
23 07 22.3181  58 36 10.409 0.00000 0.00000  2000.0
454.64 584.14
23 06 30.6236  58 35 50.728 0.00000 0.00000  2000.0
898.21 568.59
23 07 58.7045  58 35 55.082 0.00000 0.00000  2000.0
142.99 563.61
23 07 31.0051  58 35 32.024 0.00000 0.00000  2000.0
380.83 541.04
23 08 09.9038  58 35 19.707 0.00000 0.00000  2000.0
47.23 523.61
23 07 05.0629  58 35 12.482 0.00000 0.00000  2000.0
603.49 522.36
23 06 43.4366  58 34 34.109 0.00000 0.00000  2000.0
789.63 482.77
23 06 15.3577  58 34 26.975 0.00000 0.00000  2000.0
1030.58 478.80
23 06 45.2267  58 34 33.484 0.00000 0.00000  2000.0
773.76 482.07
23 07 45.6178  58 34 33.241 0.00000 0.00000  2000.0
256.04 475.03
23 07 58.1763  58 34 24.074 0.00000 0.00000  2000.0
148.25 463.87
23 07 48.6131  58 34 18.569 0.00000 0.00000  2000.0
230.47 458.67
23 07 06.8939  58 34 08.031 0.00000 0.00000  2000.0
589.03 451.36
23 07 35.2826  58 34 07.349 0.00000 0.00000  2000.0
345.07 447.56
23 07 56.8065  58 34 08.035 0.00000 0.00000  2000.0
160.39 446.43
23 06 23.2622  58 33 43.882 0.00000 0.00000  2000.0
963.55 430.20
23 08 05.6582  58 33 43.706 0.00000 0.00000  2000.0
84.99 418.88
23 07 10.0756  58 33 15.068 0.00000 0.00000  2000.0
562.11 392.80
23 06 54.7376  58 33 13.789 0.00000 0.00000  2000.0
693.90 393.55
23 07 56.3741  58 33 18.495 0.00000 0.00000  2000.0
164.85 391.87
23 08 03.8965  58 33 11.715 0.00000 0.00000  2000.0
100.19 383.91
23 07 11.6628  58 33 01.542 0.00000 0.00000  2000.0
548.78 377.84
23 07 07.2624  58 32 57.075 0.00000 0.00000  2000.0
586.55 373.41
23 07 45.1714  58 32 51.739 0.00000 0.00000  2000.0
261.25 363.75
23 07 51.2186  58 32 35.724 0.00000 0.00000  2000.0
209.47 345.47
23 07 56.0332  58 32 20.078 0.00000 0.00000  2000.0
168.24 327.92
23 06 53.4173  58 32 13.480 0.00000 0.00000  2000.0
706.02 327.01
23 07 24.6971  58 32 14.321 0.00000 0.00000  2000.0
437.25 324.59
23 06 43.1104  58 32 05.766 0.00000 0.00000  2000.0
794.66 319.96
23 07 43.9285  58 32 00.715 0.00000 0.00000  2000.0
272.45 307.71
23 08 11.2428  58 31 57.769 0.00000 0.00000  2000.0
38.21 302.10
23 07 52.3528  58 31 44.629 0.00000 0.00000  2000.0
200.31 289.30
23 06 57.6671  58 31 36.693 0.00000 0.00000  2000.0
670.14 286.26
23 06 37.6439  58 31 31.752 0.00000 0.00000  2000.0
842.18 283.34
23 06 43.1323  58 31 01.705 0.00000 0.00000  2000.0
795.45 249.59
23 06 26.8969  58 30 34.907 0.00000 0.00000  2000.0
935.57 222.34
23 07 38.8445  58 30 31.174 0.00000 0.00000  2000.0
317.31 209.94
23 06 16.1465  58 30 18.855 0.00000 0.00000  2000.0
1028.11 206.32
23 06 24.3431  58 30 01.657 0.00000 0.00000  2000.0
958.04 186.23
23 06 52.6222  58 30 00.810 0.00000 0.00000  2000.0
714.98 181.69
23 07 57.7174  58 29 56.947 0.00000 0.00000  2000.0
155.54 170.38
23 07 14.1662  58 29 43.220 0.00000 0.00000  2000.0
530.18 159.85
23 06 37.1912  58 29 30.488 0.00000 0.00000  2000.0
848.08 150.33
23 06 43.8813  58 29 25.844 0.00000 0.00000  2000.0
790.65 144.30
23 07 32.0499  58 29 04.317 0.00000 0.00000  2000.0
376.80 115.27
23 07 46.3034  58 28 56.369 0.00000 0.00000  2000.0
254.47 105.23
23 06 26.5203  58 28 37.285 0.00000 0.00000  2000.0
940.90 93.26
23 06 59.0044  58 28 32.821 0.00000 0.00000  2000.0
661.16 84.30
23 06 57.8732  58 28 07.129 0.00000 0.00000  2000.0
671.82 56.15
23 07 16.0735  58 39 37.990 0.00000 0.00000  2000.0
505.18 812.85
END
