ASTR
23 07 05.64  58 33 13.4  J2000.0 2000.0 
23 06 59.9138  58 26 53.406 0.00000 0.00000  2000.0
553.98 22.54
23 07 16.0735  58 39 37.990 0.00000 0.00000  2000.0
586.86 808.17
23 07 28.2518  58 39 17.429 0.00000 0.00000  2000.0
488.21 807.38
23 07 01.3579  58 39 10.691 0.00000 0.00000  2000.0
694.80 757.42
23 07 08.7593  58 38 41.798 0.00000 0.00000  2000.0
631.94 740.62
23 07 33.6220  58 38 01.468 0.00000 0.00000  2000.0
430.93 740.72
23 06 42.4044  58 39 09.334 0.00000 0.00000  2000.0
841.64 725.52
23 07 46.2642  58 37 16.627 0.00000 0.00000  2000.0
323.49 716.95
23 07 38.6811  58 37 18.428 0.00000 0.00000  2000.0
381.65 706.47
23 06 32.1744  58 38 54.447 0.00000 0.00000  2000.0
918.11 694.32
23 07 29.9375  58 37 07.578 0.00000 0.00000  2000.0
448.17 681.37
23 07 09.0730  58 37 39.149 0.00000 0.00000  2000.0
616.50 678.83
23 07 23.6111  58 37 15.175 0.00000 0.00000  2000.0
498.58 678.48
23 06 22.0240  58 38 34.264 0.00000 0.00000  2000.0
992.44 657.99
23 07 58.7045  58 35 55.082 0.00000 0.00000  2000.0
210.03 656.25
23 06 32.8549  58 38 09.702 0.00000 0.00000  2000.0
903.65 650.98
23 07 33.4587  58 36 23.607 0.00000 0.00000  2000.0
411.62 643.29
23 06 44.7924  58 37 39.148 0.00000 0.00000  2000.0
804.78 639.76
23 08 09.9038  58 35 19.707 0.00000 0.00000  2000.0
115.73 639.50
23 06 44.9582  58 37 26.631 0.00000 0.00000  2000.0
800.90 627.57
23 07 22.3181  58 36 10.409 0.00000 0.00000  2000.0
495.38 612.07
23 08 14.4302  58 34 45.193 0.00000 0.00000  2000.0
73.36 612.60
23 07 06.0784  58 36 30.906 0.00000 0.00000  2000.0
625.75 606.13
23 07 11.0782  58 36 21.667 0.00000 0.00000  2000.0
584.83 605.05
23 06 56.6464  58 36 26.505 0.00000 0.00000  2000.0
697.86 586.53
23 06 45.3486  58 36 25.474 0.00000 0.00000  2000.0
785.23 567.41
23 07 58.1763  58 34 24.074 0.00000 0.00000  2000.0
194.82 565.04
23 07 45.6178  58 34 33.241 0.00000 0.00000  2000.0
294.34 553.44
23 07 56.8065  58 34 08.035 0.00000 0.00000  2000.0
202.24 546.88
23 07 48.6131  58 34 18.569 0.00000 0.00000  2000.0
268.11 543.86
23 07 05.0629  58 35 12.482 0.00000 0.00000  2000.0
617.23 526.66
23 07 35.2826  58 34 07.349 0.00000 0.00000  2000.0
369.22 510.93
23 06 30.6236  58 35 50.728 0.00000 0.00000  2000.0
892.41 509.30
23 08 03.8965  58 33 11.715 0.00000 0.00000  2000.0
135.44 502.56
23 07 06.8939  58 34 08.031 0.00000 0.00000  2000.0
589.60 465.54
23 06 43.4366  58 34 34.109 0.00000 0.00000  2000.0
777.17 453.65
23 07 45.1714  58 32 51.739 0.00000 0.00000  2000.0
276.37 452.22
23 07 51.2186  58 32 35.724 0.00000 0.00000  2000.0
226.17 446.05
23 08 11.2428  58 31 57.769 0.00000 0.00000  2000.0
62.87 441.20
23 07 56.0332  58 32 20.078 0.00000 0.00000  2000.0
185.59 438.37
23 07 10.0756  58 33 15.068 0.00000 0.00000  2000.0
553.99 418.02
23 07 11.6628  58 33 01.542 0.00000 0.00000  2000.0
538.78 407.23
23 06 15.3577  58 34 26.975 0.00000 0.00000  2000.0
993.88 401.69
23 07 43.9285  58 32 00.715 0.00000 0.00000  2000.0
275.52 399.32
23 07 52.3528  58 31 44.629 0.00000 0.00000  2000.0
206.63 397.15
23 07 07.2624  58 32 57.075 0.00000 0.00000  2000.0
572.08 395.71
23 06 11.4389  58 34 20.380 0.00000 0.00000  2000.0
1022.78 389.11
23 07 24.6971  58 32 14.321 0.00000 0.00000  2000.0
427.66 381.43
23 06 23.2622  58 33 43.882 0.00000 0.00000  2000.0
923.64 371.47
23 06 53.4173  58 32 13.480 0.00000 0.00000  2000.0
670.60 330.06
23 08 06.4463  58 29 59.664 0.00000 0.00000  2000.0
75.37 316.17
23 06 43.1104  58 32 05.766 0.00000 0.00000  2000.0
749.11 305.72
23 07 38.8445  58 30 31.174 0.00000 0.00000  2000.0
296.52 302.01
23 06 57.6671  58 31 36.693 0.00000 0.00000  2000.0
629.99 300.30
23 06 37.6439  58 31 31.752 0.00000 0.00000  2000.0
784.70 263.15
23 06 07.4781  58 31 47.950 0.00000 0.00000  2000.0
1022.53 231.03
23 06 03.1453  58 31 40.625 0.00000 0.00000  2000.0
1054.88 217.00
23 07 32.0499  58 29 04.317 0.00000 0.00000  2000.0
331.00 204.94
23 06 52.6222  58 30 00.810 0.00000 0.00000  2000.0
649.36 196.90
23 06 04.7024  58 31 18.358 0.00000 0.00000  2000.0
1037.90 197.24
23 06 26.8969  58 30 34.907 0.00000 0.00000  2000.0
856.44 189.51
23 06 12.0969  58 30 42.615 0.00000 0.00000  2000.0
973.10 173.52
23 06 16.1465  58 30 18.855 0.00000 0.00000  2000.0
936.95 156.39
23 06 24.3431  58 30 01.657 0.00000 0.00000  2000.0
869.40 152.46
23 06 43.8813  58 29 25.844 0.00000 0.00000  2000.0
710.16 148.11
23 06 37.1912  58 29 30.488 0.00000 0.00000  2000.0
763.41 142.01
23 06 01.5667  58 30 13.799 0.00000 0.00000  2000.0
1049.53 128.10
23 06 59.0044  58 28 32.821 0.00000 0.00000  2000.0
581.27 119.92
23 07 35.0012  58 27 25.364 0.00000 0.00000  2000.0
287.44 111.62
23 06 57.8732  58 28 07.129 0.00000 0.00000  2000.0
585.05 92.52
23 07 38.2982  58 27 00.147 0.00000 0.00000  2000.0
256.57 91.93
23 06 26.5203  58 28 37.285 0.00000 0.00000  2000.0
835.44 71.92
23 07 20.6416  58 27 06.632 0.00000 0.00000  2000.0
395.28 69.39
23 06 13.0134  58 28 53.816 0.00000 0.00000  2000.0
944.05 66.85
23 07 02.4611  58 27 34.749 0.00000 0.00000  2000.0
542.69 67.73
23 06 20.1045  58 28 28.170 0.00000 0.00000  2000.0
883.39 52.46
23 07 13.9217  58 26 43.783 0.00000 0.00000  2000.0
443.45 35.59
23 06 59.0196  58 27 01.627 0.00000 0.00000  2000.0
562.59 29.33
23 07 05.1886  58 40 00.079 0.00000 0.00000  2000.0
675.90 812.58
23 06 52.6005  58 40 17.945 0.00000 0.00000  2000.0
777.01 810.02
END
