mosaic.fits  2024-10-17T22:33:32.183725     5.866   27.866 346.527726  58.670927   14.299   0.039
mosaic.fits  2024-10-17T22:33:32.183725    17.191   15.758 346.533875  58.674676   14.617   0.057
mosaic.fits  2024-10-17T22:33:32.183725   689.243   11.330 346.917722  58.684474   14.446   0.046
mosaic.fits  2024-10-17T22:33:32.183725   463.602  806.719 346.807870  58.445467   13.107   0.020
mosaic.fits  2024-10-17T22:33:32.183725   643.419  798.757 346.909747  58.449996   14.451   0.050
mosaic.fits  2024-10-17T22:33:32.183725   361.701  793.376 346.749715  58.448169   11.652   0.008
mosaic.fits  2024-10-17T22:33:32.183725   355.561  785.462 346.746037  58.450443   12.558   0.014
mosaic.fits  2024-10-17T22:33:32.183725   514.163  787.308 346.836108  58.451850   12.578   0.015
mosaic.fits  2024-10-17T22:33:32.183725   296.441  787.133 346.712522  58.449201   12.856   0.017
mosaic.fits  2024-10-17T22:33:32.183725   149.161  782.020 346.628806  58.448825   14.906   0.072
mosaic.fits  2024-10-17T22:33:32.183725    53.695  779.241 346.574556  58.448394   14.093   0.036
mosaic.fits  2024-10-17T22:33:32.183725   190.427  775.987 346.652074  58.451154   11.903   0.010
mosaic.fits  2024-10-17T22:33:32.183725   620.120  774.413 346.895960  58.456953   13.344   0.023
mosaic.fits  2024-10-17T22:33:32.183725   861.232  760.580 347.032560  58.463852   14.041   0.035
mosaic.fits  2024-10-17T22:33:32.183725   837.494  758.416 347.019031  58.464226   13.234   0.020
mosaic.fits  2024-10-17T22:33:32.183725   381.976  755.408 346.760302  58.459701   13.088   0.020
mosaic.fits  2024-10-17T22:33:32.183725   128.166  752.255 346.616133  58.457392   13.624   0.028
mosaic.fits  2024-10-17T22:33:32.183725   275.898  727.225 346.699380  58.466736   14.771   0.065
mosaic.fits  2024-10-17T22:33:32.183725   349.740  723.760 346.741228  58.468699   14.097   0.040
mosaic.fits  2024-10-17T22:33:32.183725   359.387  699.955 346.746126  58.475891   12.484   0.014
mosaic.fits  2024-10-17T22:33:32.183725   706.138  692.458 346.942938  58.482313   14.589   0.057
mosaic.fits  2024-10-17T22:33:32.183725    73.438  692.992 346.583541  58.474274   14.617   0.056
mosaic.fits  2024-10-17T22:33:32.183725   121.187  685.971 346.610480  58.476989   12.304   0.012
mosaic.fits  2024-10-17T22:33:32.183725   601.998  680.675 346.883496  58.484586   13.970   0.037
mosaic.fits  2024-10-17T22:33:32.183725   461.235  672.687 346.803328  58.485255   14.768   0.068
mosaic.fits  2024-10-17T22:33:32.183725    22.472  666.364 346.553905  58.481504   12.890   0.018
mosaic.fits  2024-10-17T22:33:32.183725   250.619  645.747 346.682996  58.490616   13.505   0.027
mosaic.fits  2024-10-17T22:33:32.183725   856.665  639.274 347.027299  58.499841   13.660   0.028
mosaic.fits  2024-10-17T22:33:32.183725   201.792  639.476 346.655095  58.491850   13.965   0.037
mosaic.fits  2024-10-17T22:33:32.183725   315.990  615.838 346.719407  58.500332   12.755   0.017
mosaic.fits  2024-10-17T22:33:32.183725   108.879  606.306 346.601450  58.500490   14.132   0.042
mosaic.fits  2024-10-17T22:33:32.183725    49.562  587.787 346.567258  58.505205   12.820   0.017
mosaic.fits  2024-10-17T22:33:32.183725   370.550  583.883 346.749641  58.510511   14.622   0.059
mosaic.fits  2024-10-17T22:33:32.183725   129.024  576.144 346.612130  58.509714   14.189   0.044
mosaic.fits  2024-10-17T22:33:32.183725    20.615  564.172 346.550189  58.511832   14.256   0.046
mosaic.fits  2024-10-17T22:33:32.183725   249.206  556.033 346.679955  58.517247   14.119   0.042
mosaic.fits  2024-10-17T22:33:32.183725   356.725  527.955 346.740413  58.526952   13.353   0.025
mosaic.fits  2024-10-17T22:33:32.183725   210.367  526.352 346.657123  58.525564   11.730   0.009
mosaic.fits  2024-10-17T22:33:32.183725   371.298  500.269 346.748027  58.535359   14.667   0.061
mosaic.fits  2024-10-17T22:33:32.183725   251.781  496.444 346.679932  58.534981   12.705   0.017
mosaic.fits  2024-10-17T22:33:32.183725   327.076  492.177 346.722667  58.537207   14.055   0.040
mosaic.fits  2024-10-17T22:33:32.183725   429.860  456.031 346.780281  58.549230   13.309   0.025
mosaic.fits  2024-10-17T22:33:32.183725   339.397  436.317 346.728305  58.553956   14.539   0.056
mosaic.fits  2024-10-17T22:33:32.183725   408.299  432.579 346.767440  58.555929   14.683   0.062
mosaic.fits  2024-10-17T22:33:32.183725   110.589  398.503 346.597091  58.562236   13.839   0.034
mosaic.fits  2024-10-17T22:33:32.183725    25.351  360.584 346.547571  58.572366   13.792   0.033
mosaic.fits  2024-10-17T22:33:32.183725   260.095  358.300 346.681214  58.576123   12.547   0.015
mosaic.fits  2024-10-17T22:33:32.183725   273.395  359.302 346.688814  58.575995   14.292   0.046
mosaic.fits  2024-10-17T22:33:32.183725    54.322  355.780 346.563946  58.574180   10.952   0.006
mosaic.fits  2024-10-17T22:33:32.183725   169.579  282.597 346.627729  58.597439   13.088   0.021
mosaic.fits  2024-10-17T22:33:32.183725   278.437  255.057 346.689088  58.607026   13.703   0.031
mosaic.fits  2024-10-17T22:33:32.183725   670.080  221.701 346.911633  58.621749    9.469   0.003
mosaic.fits  2024-10-17T22:33:32.183725   140.272  204.029 346.609013  58.620392   14.677   0.063
mosaic.fits  2024-10-17T22:33:32.183725   277.928  197.883 346.687370  58.624003   13.385   0.026
mosaic.fits  2024-10-17T22:33:32.183725   277.294  186.129 346.686715  58.627486   13.599   0.030
mosaic.fits  2024-10-17T22:33:32.183725   191.345  153.491 346.636857  58.636072   12.460   0.014
mosaic.fits  2024-10-17T22:33:32.183725   113.171  126.766 346.591565  58.642984   14.406   0.050
mosaic.fits  2024-10-17T22:33:32.183725   188.168  111.367 346.633973  58.648542   12.337   0.013
mosaic.fits  2024-10-17T22:33:32.183725   263.375  100.873 346.676637  58.652632   14.033   0.038
mosaic.fits  2024-10-17T22:33:32.183725    36.738   77.517 346.546658  58.656595   13.067   0.019
mosaic.fits  2024-10-17T22:33:32.183725   100.925   36.109 346.582230  58.669750   14.111   0.040
mosaic.fits  2024-10-17T22:33:32.183725   817.923  850.798 347.009961  58.436557   14.572   0.053
mosaic.fits  2024-10-17T22:33:32.183725   416.272  838.920 346.781784  58.435318   14.553   0.055
mosaic.fits  2024-10-17T22:33:32.183725   165.709  834.875 346.639532  58.433341   14.824   0.067
