ASTR
23 07 29.94  58 36 15.1  J2000.0 2000.0 
23 07 38.8445  58 30 31.174 0.00000 0.00000  2000.0
654.92 601.69
23 07 52.3528  58 31 44.629 0.00000 0.00000  2000.0
756.63 536.91
23 07 43.9285  58 32 00.715 0.00000 0.00000  2000.0
695.27 519.51
23 07 56.0332  58 32 20.078 0.00000 0.00000  2000.0
784.80 504.97
23 07 24.6971  58 32 14.321 0.00000 0.00000  2000.0
555.28 501.11
23 07 51.2186  58 32 35.724 0.00000 0.00000  2000.0
750.16 488.98
23 07 45.1714  58 32 51.739 0.00000 0.00000  2000.0
706.31 472.41
23 07 42.9179  58 33 06.055 0.00000 0.00000  2000.0
690.32 458.29
23 07 11.6628  58 33 01.542 0.00000 0.00000  2000.0
462.12 453.21
23 07 56.3741  58 33 18.495 0.00000 0.00000  2000.0
789.26 450.62
23 07 10.0756  58 33 15.068 0.00000 0.00000  2000.0
451.08 440.18
23 07 35.2826  58 34 07.349 0.00000 0.00000  2000.0
636.80 398.88
23 07 58.1763  58 34 24.074 0.00000 0.00000  2000.0
805.32 389.87
23 07 48.6131  58 34 18.569 0.00000 0.00000  2000.0
734.84 392.33
23 07 06.8939  58 34 08.031 0.00000 0.00000  2000.0
429.36 389.86
23 07 45.6178  58 34 33.241 0.00000 0.00000  2000.0
713.31 377.88
23 07 05.0629  58 35 12.482 0.00000 0.00000  2000.0
419.09 329.30
23 07 31.0051  58 35 32.024 0.00000 0.00000  2000.0
608.65 318.80
23 07 58.7045  58 35 55.082 0.00000 0.00000  2000.0
812.46 305.09
23 07 22.3181  58 36 10.409 0.00000 0.00000  2000.0
547.07 280.52
23 07 28.6944  58 36 15.049 0.00000 0.00000  2000.0
593.70 278.14
23 07 33.4587  58 36 23.607 0.00000 0.00000  2000.0
628.88 271.30
23 07 11.0782  58 36 21.667 0.00000 0.00000  2000.0
465.73 266.61
23 06 56.6464  58 36 26.505 0.00000 0.00000  2000.0
360.79 257.67
23 07 06.0784  58 36 30.906 0.00000 0.00000  2000.0
429.49 256.50
23 07 29.9375  58 37 07.578 0.00000 0.00000  2000.0
604.87 229.36
23 07 38.6811  58 37 18.427 0.00000 0.00000  2000.0
670.08 221.70
23 07 46.2642  58 37 16.627 0.00000 0.00000  2000.0
724.44 225.34
23 07 23.6111  58 37 15.175 0.00000 0.00000  2000.0
559.10 220.58
23 07 17.5058  58 37 19.102 0.00000 0.00000  2000.0
514.63 215.01
23 07 09.0730  58 37 39.149 0.00000 0.00000  2000.0
454.00 193.75
23 07 33.6220  58 38 01.468 0.00000 0.00000  2000.0
633.94 180.01
23 07 52.0182  58 38 34.031 0.00000 0.00000  2000.0
769.73 154.50
23 07 40.4775  58 38 37.674 0.00000 0.00000  2000.0
685.42 148.10
23 07 08.7593  58 38 41.798 0.00000 0.00000  2000.0
454.29 135.19
23 07 01.3579  58 39 10.691 0.00000 0.00000  2000.0
401.89 105.83
23 06 45.4567  58 39 05.521 0.00000 0.00000  2000.0
285.42 105.50
23 07 16.0735  58 39 37.990 0.00000 0.00000  2000.0
509.82 84.61
23 07 05.1886  58 40 00.079 0.00000 0.00000  2000.0
431.41 60.51
23 06 52.6005  58 40 17.945 0.00000 0.00000  2000.0
340.26 39.91
23 06 59.6327  58 40 27.197 0.00000 0.00000  2000.0
392.05 33.44
END
