ASTR
23 07 01.91  58 33 29.5  J2000.0 2000.0 
23 06 36.4942  58 27 04.501 0.00000 0.00000  2000.0
755.16 27.96
23 06 19.8637  58 40 09.955 0.00000 0.00000  2000.0
1023.89 789.09
23 07 01.3579  58 39 10.690 0.00000 0.00000  2000.0
689.99 787.51
23 07 08.7593  58 38 41.798 0.00000 0.00000  2000.0
627.61 769.04
23 07 33.6220  58 38 01.468 0.00000 0.00000  2000.0
426.70 763.69
23 06 42.4044  58 39 09.334 0.00000 0.00000  2000.0
837.82 759.70
23 07 46.2642  58 37 16.627 0.00000 0.00000  2000.0
320.19 736.85
23 06 32.1744  58 38 54.447 0.00000 0.00000  2000.0
914.75 730.71
23 07 38.6811  58 37 18.425 0.00000 0.00000  2000.0
378.54 728.15
23 06 11.3658  58 39 22.567 0.00000 0.00000  2000.0
1081.68 729.94
23 07 09.0730  58 37 39.150 0.00000 0.00000  2000.0
613.99 706.89
23 06 32.8549  58 38 09.702 0.00000 0.00000  2000.0
901.51 687.01
23 06 44.7924  58 37 39.148 0.00000 0.00000  2000.0
803.05 672.97
23 07 58.7045  58 35 55.082 0.00000 0.00000  2000.0
208.41 673.13
23 07 33.4587  58 36 23.607 0.00000 0.00000  2000.0
410.29 665.93
23 06 44.9582  58 37 26.631 0.00000 0.00000  2000.0
799.62 660.75
23 07 22.3181  58 36 10.409 0.00000 0.00000  2000.0
494.78 637.01
23 07 06.0784  58 36 30.905 0.00000 0.00000  2000.0
625.14 634.52
23 07 11.0782  58 36 21.667 0.00000 0.00000  2000.0
584.34 632.39
23 06 56.6464  58 36 26.505 0.00000 0.00000  2000.0
697.79 617.03
23 07 58.1763  58 34 24.074 0.00000 0.00000  2000.0
195.81 581.76
23 07 56.8065  58 34 08.035 0.00000 0.00000  2000.0
203.66 563.83
23 07 48.6131  58 34 18.569 0.00000 0.00000  2000.0
269.48 562.56
23 07 05.0629  58 35 12.482 0.00000 0.00000  2000.0
618.82 554.90
23 08 05.6582  58 33 43.708 0.00000 0.00000  2000.0
130.51 552.07
23 06 30.6236  58 35 50.728 0.00000 0.00000  2000.0
894.27 545.13
23 07 35.2826  58 34 07.349 0.00000 0.00000  2000.0
371.53 532.41
23 08 03.8965  58 33 11.715 0.00000 0.00000  2000.0
138.14 517.67
23 07 06.8939  58 34 08.031 0.00000 0.00000  2000.0
593.04 493.21
23 06 43.4366  58 34 34.110 0.00000 0.00000  2000.0
780.79 486.47
23 07 51.2186  58 32 35.724 0.00000 0.00000  2000.0
230.45 463.73
23 07 56.0332  58 32 20.078 0.00000 0.00000  2000.0
190.08 455.00
23 07 10.0756  58 33 15.068 0.00000 0.00000  2000.0
558.76 444.76
23 06 15.3577  58 34 26.975 0.00000 0.00000  2000.0
998.70 440.43
23 07 11.6628  58 33 01.542 0.00000 0.00000  2000.0
543.94 433.45
23 06 11.4389  58 34 20.380 0.00000 0.00000  2000.0
1028.15 428.46
23 07 07.2624  58 32 57.075 0.00000 0.00000  2000.0
577.47 422.82
23 07 43.9285  58 32 00.715 0.00000 0.00000  2000.0
281.06 418.45
23 07 52.3528  58 31 44.629 0.00000 0.00000  2000.0
212.38 414.40
23 06 23.2622  58 33 43.882 0.00000 0.00000  2000.0
929.21 408.34
23 07 24.6971  58 32 14.321 0.00000 0.00000  2000.0
433.55 404.97
23 06 43.1104  58 32 05.766 0.00000 0.00000  2000.0
756.91 337.98
23 08 06.4463  58 29 59.664 0.00000 0.00000  2000.0
83.17 329.75
23 06 57.6671  58 31 36.693 0.00000 0.00000  2000.0
637.89 329.24
23 06 37.6439  58 31 31.752 0.00000 0.00000  2000.0
793.57 296.33
23 06 03.1453  58 31 40.626 0.00000 0.00000  2000.0
1064.84 257.62
23 06 52.6222  58 30 00.809 0.00000 0.00000  2000.0
660.29 226.44
23 06 16.1465  58 30 18.855 0.00000 0.00000  2000.0
948.64 193.86
23 06 24.3431  58 30 01.657 0.00000 0.00000  2000.0
881.45 187.89
23 06 43.8813  58 29 25.844 0.00000 0.00000  2000.0
722.43 179.32
23 06 01.5667  58 30 13.799 0.00000 0.00000  2000.0
1061.92 168.69
23 06 59.0044  58 28 32.821 0.00000 0.00000  2000.0
594.45 147.65
23 07 35.0012  58 27 25.364 0.00000 0.00000  2000.0
300.91 131.05
23 06 26.5203  58 28 37.285 0.00000 0.00000  2000.0
849.61 106.74
23 06 13.0134  58 28 53.816 0.00000 0.00000  2000.0
958.25 104.62
23 07 02.4611  58 27 34.749 0.00000 0.00000  2000.0
557.31 94.60
23 07 20.6416  58 27 06.632 0.00000 0.00000  2000.0
409.90 91.95
23 07 13.9218  58 26 43.784 0.00000 0.00000  2000.0
459.21 59.47
23 06 59.0196  58 27 01.627 0.00000 0.00000  2000.0
578.26 56.57
23 06 59.9138  58 26 53.406 0.00000 0.00000  2000.0
569.87 49.65
23 06 51.0199  58 26 57.179 0.00000 0.00000  2000.0
640.42 40.92
23 06 27.9485  58 27 27.089 0.00000 0.00000  2000.0
826.38 38.79
END
